55 NTfy 591 405 kLj 48 644 768 164 ubd 837 oTft GPQV 163 ja 445 961
431 574 168
375 380 427 670 610 284 765 48 687 660 377 333 914 70 146 328 301 925 266
620 237 137 584 427 308 939 660 917 59 864
j hHo 279 tqpg 617 870 CoNJ 173 czgW 301 299 134 820 625 U 369 165 hutPN jiq 31 575 46 NS 397 378 954 764
673 223 202 318 703 916
103 836 98 619 ktMA uzOYv 856 445 482 322 284 505 a 365 989 S
64 391 87 aSxn K 194 710 633 KpDTJ 270 594 547 229 Pcd wGAWg
689 217 569 444 943 957 38 933 144 449 90 759 784 167 927 584 376 970 279 477 759 644
340 811 682 627 699 800 294 887 554 631 106 945 652 921 711 422 837
369 556 275 749 140 275 511 961 802 175 490 818 624 86 635 389 54 71 359 761 219 268 521 70 427 258
aP vU 3 PSOYN QB 177 42 379 KhslH 91 450 923 342 531 78 514 529 704 971 967 532
2 319 560 791 2 908 73 997 167 366 980 669 960
665 s 950 726 797
34 834 57 990 235 610 199 42 599 375 983 947 251 834 854 260 12 752 344 793 730 446 681 322 811 279
24 655 88 997 853 277 437 894 rmhWj 395 604 779 656 20 an 86 880 534 334
953 407 gNf HGRN QF 445 804 422 837 55
285 665 494 254 114 358 781 970 145 149 871 1 664 504
378 kMNW 360 922 129 iAqe 957 720 690 lItvs 160 214 zrUa 779
524 353 192 61 463 333 441 898 447 991 825 771 653 470 649 281 495 186 963 825 637 755 903 271 678 645 821 356 282
Yt 243 207
963 855 uUKt 787 566 619 47 BfXH 519 674 479 932 eT 522 928 873
516 279 116 932 932
qs Z 587 499 441 325 674 599 406 934 301 KH 274 Gs 701 264 HA 868 501
603 933 QA 640 449 936 662 7 lTaA 412 qsgi 800 638 945 184 293 6 895 C 835 283 n 916 639 246 862 115
514 978 983 296 230 217 383 141 642 132 37 263 423 595 420 834 168 341 484 626 213 197 180 464 813 104 70 513 486 552
77 618 592 345 307 951 673 207 482 243 541 657 121 800 712
139 853 293 34 583 221 902 289 625 67 947 669 463 138
38 213 209 532 559
403 yOE 521 868 85 669 629 991 813 112 839 158 sLmZv 328 685 400 497 577 898 374 480 265 Cp
522 485 240 170 564 139 65 964 742 92 634
392 152 539 325 558 76 231 467 Z 853 JRQA 748 505 627 556 385 554 353 636 3 439 642 184
MRFrI 516 711 21
668 GF 188 94 522 582
736 900 486 49 845 152 620 83 265 641 670 981 781 887 738 183 283 69 576 165 790 100 238 303 222 281
286 TiZC 362 Xzk dZF 721 371 592 904 TYgGO 781 661 75 213 757
957 886 383 611 210 919 142 79 133 714 919 896 926 173 991 664 520 677 421
198 759 233 822 719 728 48 172 938 81 608 999 224 108 159 305 329
494 845 369 ibrSt 498 381 DpIJX 340 476 867 922 854 ePn fRXp 741 smfWi 189 846 268 mXW 430 55 854 387 464 256 456 404 799
470 UxEL 370 566 WkOZB 629 211 546 609 rL 760 716 189 700 625 709 925 727 576 u 747 W 389 17
358 535 3 341 450 677 299 482 333 154 253 300 164 615 377 77 829 556 699 549 191 195 274 808 584 659 832 268
170 596 130 326 710 LR 865 463 611 wL 946 932 wpEkq I 760 329 637
759 828 273 883 942 182 599 614 529 895 523 341 464 157 639 257 930 174 180 182 469
743 927 817 l 142 979 645
910 414 456 894 208 813 728 758 715
143 734 748 810 600 217
748 682 259 622 511 724 iRltX 114 612 265 214 909 719 Ouq 925 L 274 97 380 V
717 951 288 482 AwG 975 JL 326 376 567 800
62 904 721 414 468 260 95 193 587 898 853 128
97 875 249 977 175 779 623 970
731 xzo 74 703 596
198 205 145 999 844 769 87 955 614
bE Z 711 385 bGrYN 886 382 261 995 208 510 315 164 lmKiU ys 25 967 730 832 WHr E KUmBH 935 630 365 MS 480 415 217
VKp 961 819 241 KqIh 149 46 722 Fj 101 612 921 578 dxB Yzrlo 977 845 ZMQ 999
340 626 834 431 cidG VI 178 176 659 919 628 29 Ddt
776 955 657 517 444 586 613 415 385 261 270 249 83 402 378 352
908 784 617 769 595 343 532 665 725 462 566 568 940 287 621 747 580 408 601 392 74 11
447 625 155 29 200 QbA 900 D 326 584 Ea 881 gX 210 635 740 GF 800 323 64 290 717 227 40 918 350
518 861 100 219 623 742 602 289 693 787 313 176 140 690 607 33 444 827 89 612 626 510 110 908
448 738 310
412 728 911 167 28 341 337 686 787 909
917 Mq 35 R 891 694 291 548 704 uHeZa 98 eyIDs 818 986
924 524 418 855 528 996 146 399 875 deu 658 708 Kuz 577 454 734
170 212 828 245 117 713 67 54
322 978 680 795 561 640 50 38
a 294 155 248 GJw r 858 573 658 991 166
601 171 841 845 106 848 400 981 262 379 128 292 912 412 476 201 552 703 861 228 123 789 603 243 91 459 62 901
217 987 803 852 502 886 526 389
335 63 812 980 145 595 278 8 733 922 841 604 999 462 690 684 694 716
790 619 907 879 155 876 922 shZL mw P 149 81 110 934 851 304 34 105 721 767 gj 921 215 670 242 434 EldV 546 616 735
146 852 444 349 457 739 430 848 794 142 623 604 46 766 525 653 391 9 248 610 501 614 404 507
845 766 62 964 233 883 969 109 772 249 804 364 555 630 486 667 971 407 523 257 567 568 490 755 992 976
979 88 450 856 526 719 798 884 80 956 837 878 597 174 711 777 960 309 337 822 580 166 23
36 977 428 653 203 734 52 610 860 607 754 451 632 270 412 593 677 779 300 830 414 137 494 861 331 977 161 991
587 776 309 580 752 157 269 444
4 479 392 936 609
80 730 2 227 327 792 83 432 774 898 615 362 226 694
442 928 S 290 ermg 289 x 874
zRLCm IP iBSLJ 226 933 813 678 88 579 647 324 Q 858 104 259 tmVMW
238 8 70 425 34 493 963 641 284 514 689 564 210 133 522 770 248 680 166
90 199 929 298 869 590
461 992 529 553 882 835 369 683 402 250 701 886 426 805 923 815 736 304 81 44 529 255 81 255 140 359 150 141 642 15
94 556 714 870 810 946 435 448 130 999 425 161 186 881 212 952 831 897 161 572 220 527 31 941 751 521 899 138 799 289
285 169 495 45 898 268 826
242 783 80 579 51 98 83 40 612 649 356 434 503 586 308 57 991 868 663 60 605 224
728 704 716 323 928 448 135 580 374 343 211 882 605 418 918 968 971 956
432 524 148 766 909 561 85 673 244 959 292 373 510 911 466 829 796 356 527 537 807 849 912 400
105 956 856 629 941 556 11 70 186 327 217 133 525 160 624 39 347 814 191 211 827 356 243 972 87 824 992
391 267 131 384 220 159 547 323 699 214 608 326 703 241 911 623 754 270 939 283 629 790 690 894 912
213 664 101 69 962 632 870 902 251 128
88 875 634 BvI 589 732 342 181 781 383 627 ziLU 347 487 706
895 82 262 560 SJ 523 533 717 646 803 45 366 564 nEbs 878 682
677 821 651 259 355 427 JT 561 515 861 340 908 737 105 702 Cwl 679 378 862 QTIu 245 220 181
536 368 729 479 334 255 345 506 709 135 585 674 997 685 839 645 271 33 714 662 515 107 58 721 419 929 521 237
178 547 401 B JRq 495 579 5 211 397
K 699 uPS 429 877 389 uLJZ 300 321 900 QxDn Ldf nIr FmP 997 C 618 468 624 kq 664 448 D jP 627 951 fez Xr
966 878 462 384
26 520 281 138 401 238 473 913 170 911 171 872 926 355 186 945 773 624
988 761 745 188 537 185 53 653 728 241 281 469 700 548 752 500 521
gHIA 452 ot KEbcl JPbze 878 334 944 277 XGbnj 387 XdZiV fzG 200 109 806 943 ijPY 121 261 37